ECE 0301 - Sorting Arrays
Unsorted Array: 
0.171636
0.678659
0.214602
0.813571
-0.314607
0.399265
0.438799
0.897581
-0.362913
0.513866
0.548768
-0.86387
0.931221
-0.96399
0.213589
-0.213697
0.390451
0.303348
0.369583
-0.421616
-0.099546
0.929581
-0.537463
0.855292
0.895411
-0.821835
-0.589141
0.312271
0.338768
-0.326781
-0.202643
0.186203
-0.489016
-0.89584
-0.380991
0.679654
0.952764
-0.897381
-0.279292
-0.0673924
-0.663754
0.28187
-0.606751
0.337456
-0.379627
-0.383636
0.222324
0.597955
-0.172265
0.744223
0.147781
-0.249568
-0.496484
-0.403144
0.351736
-0.379145
-0.293722
-0.586055
0.17377
0.544201
0.385587
0.565749
0.547052
0.31086
0.629862
0.0962544
-0.252698
0.905259
0.687122
0.465547
0.446344
-0.296767
0.234186
-0.0380139
-0.899761
-0.287113
0.493416
0.843979
0.747587
0.700374
-0.820074
-0.976413
-0.580278
-0.736379
-0.31882
-0.413239
0.687023
0.78989
-0.320249
-0.41867
-0.593659
0.365387
-0.937391
-0.727623
0.842076
0.766303
-0.740205
-0.628425
0.0570012
0.0191225
-0.607431
0.913712
0.750986
-0.180968
0.474562
-0.0345993
0.48933
0.164254
0.621533
0.110245
0.887342
-0.443548
-0.716921
0.715333
0.594291
0.245276
0.345968
0.688031
-0.256519
0.677956
0.408743
-0.256785
0.213811
-0.482538
-0.0213544
-0.904138
0.150776
0.0966824
0.940862
-0.925996
0.785386
-0.0175965
0.256008
0.725591
-0.989088
0.393307
0.315885
-0.919966
0.126928
-0.714133
-0.440326
-0.551668
0.121008
-0.221911
0.3492
-0.994712
-0.123923
-0.771678
0.41553
-0.19218
0.0271734
0.70284
0.62675
-0.210267
0.0401596
0.96306
0.154929
-0.105956
-0.810786
-0.873437
0.15141
0.74211
0.640295
-0.566746
0.694828
-0.0212684
0.541251
0.812566
0.798796
-0.635474
-0.407056
0.605835
0.276215
0.349649
0.544414
-0.0356801
0.323982
-0.829689
-0.577916
0.973445
0.68755
-0.34922
0.658882
-0.162566
-0.252698
0.907309
-0.849977
0.434141
0.612679
-0.711751
-0.398507
0.287676
0.962795
-0.311455
-0.617045
-0.678477
0.834677
0.413294
0.237819
-0.969465
0.201172
-0.89524
-0.301896
0.0416612
0.199689
0.171215
-0.385798
-0.10679
-0.819298
0.0611125
-0.882051
-0.632822
0.168844
-0.241865
0.971731
-0.124368
-0.247112
0.781807
-0.171728
-0.232835
0.748353
-0.429663
0.654109
-0.382804
0.208061
0.888442
0.0497083
-0.55273
0.266571
0.254318
0.326781
0.203629
0.387558
-0.304713
0.685757
-0.490337
0.909203
0.974858
0.434335
-0.12936
-0.161303
0.985016
-0.835407
-0.691615
0.0186301
-0.884207
-0.874139
0.342498
0.372017
0.482637
-0.322101
0.455452
0.78293
0.707541
-0.361857
0.265293
Sorted Array: 
-0.994712
-0.989088
-0.976413
-0.969465
-0.96399
-0.937391
-0.925996
-0.919966
-0.904138
-0.899761
-0.897381
-0.89584
-0.89524
-0.884207
-0.882051
-0.874139
-0.873437
-0.86387
-0.849977
-0.835407
-0.829689
-0.821835
-0.820074
-0.819298
-0.810786
-0.771678
-0.740205
-0.736379
-0.727623
-0.716921
-0.714133
-0.711751
-0.691615
-0.678477
-0.663754
-0.635474
-0.632822
-0.628425
-0.617045
-0.607431
-0.606751
-0.593659
-0.589141
-0.586055
-0.580278
-0.577916
-0.566746
-0.55273
-0.551668
-0.537463
-0.496484
-0.490337
-0.489016
-0.482538
-0.443548
-0.440326
-0.429663
-0.421616
-0.41867
-0.413239
-0.407056
-0.403144
-0.398507
-0.385798
-0.383636
-0.382804
-0.380991
-0.379627
-0.379145
-0.362913
-0.361857
-0.34922
-0.326781
-0.322101
-0.320249
-0.31882
-0.314607
-0.311455
-0.304713
-0.301896
-0.296767
-0.293722
-0.287113
-0.279292
-0.256785
-0.256519
-0.252698
-0.252698
-0.249568
-0.247112
-0.241865
-0.232835
-0.221911
-0.213697
-0.210267
-0.202643
-0.19218
-0.180968
-0.172265
-0.171728
-0.162566
-0.161303
-0.12936
-0.124368
-0.123923
-0.10679
-0.105956
-0.099546
-0.0673924
-0.0380139
-0.0356801
-0.0345993
-0.0213544
-0.0212684
-0.0175965
0.0186301
0.0191225
0.0271734
0.0401596
0.0416612
0.0497083
0.0570012
0.0611125
0.0962544
0.0966824
0.110245
0.121008
0.126928
0.147781
0.150776
0.15141
0.154929
0.164254
0.168844
0.171215
0.171636
0.17377
0.186203
0.199689
0.201172
0.203629
0.208061
0.213589
0.213811
0.214602
0.222324
0.234186
0.237819
0.245276
0.254318
0.256008
0.265293
0.266571
0.276215
0.28187
0.287676
0.303348
0.31086
0.312271
0.315885
0.323982
0.326781
0.337456
0.338768
0.342498
0.345968
0.3492
0.349649
0.351736
0.365387
0.369583
0.372017
0.385587
0.387558
0.390451
0.393307
0.399265
0.408743
0.413294
0.41553
0.434141
0.434335
0.438799
0.446344
0.455452
0.465547
0.474562
0.482637
0.48933
0.493416
0.513866
0.541251
0.544201
0.544414
0.547052
0.548768
0.565749
0.594291
0.597955
0.605835
0.612679
0.621533
0.62675
0.629862
0.640295
0.654109
0.658882
0.677956
0.678659
0.679654
0.685757
0.687023
0.687122
0.68755
0.688031
0.694828
0.700374
0.70284
0.707541
0.715333
0.725591
0.74211
0.744223
0.747587
0.748353
0.750986
0.766303
0.781807
0.78293
0.785386
0.78989
0.798796
0.812566
0.813571
0.834677
0.842076
0.843979
0.855292
0.887342
0.888442
0.895411
0.897581
0.905259
0.907309
0.909203
0.913712
0.929581
0.931221
0.940862
0.952764
0.962795
0.96306
0.971731
0.973445
0.974858
0.985016
